0
0
0.000001
0.000003
0.00001
0.00003
0.000091
0.000273
0.00082
0.00246
0.007381
0.01
0.01
0.01
0.010001
0.010003
0.01001
0.01003
0.010091
0.010273
0.01082
0.01246
0.017381
0.032143
0.07643
0.20929
0.388533
0.623144
0.964517
1
1.576093
2
2.908173
3
4
5
6
7
8
9
10
11
12
13
14
15
16
17
18
19
20
21
22
23
24
25
26
27
28
29
30
30
30
30.000001
30.000003
30.00001
30.00003
30.000091
30.000273
30.00082
30.00246
30.007381
30.022143
30.06643
30.19929
30.597871
31
32
33
34
35
36
37
38
39
40
41
42
43
44
45
46
47
48
49
50
51
52
53
54
55
56
57
58
59
60
60
60
60.000001
60.000003
60.00001
60.00003
60.000091
60.000273
60.00082
60.00246
60.007381
60.022143
60.06643
60.19929
60.597871
61
62
63
64
65
66
67
68
69
70
71
72
73
74
75
76
77
78
79
80
81
82
83
84
85
86
87
88
89
90
90
90
90.000001
90.000003
90.00001
90.00003
90.000091
90.000273
90.00082
90.00246
90.007381
90.022143
90.06643
90.19929
90.597871
91
92
93
94
95
96
97
98
99
100
101
102
103
104
105


